430 7499
7318 558 4071 82
5545 2225 1658 1417
6510 6995 6547 865
519 6323 2850 5265
3350 5782 3424 2079
7217 4422 4348 7288
2604 1503 3277 7073
5713 6657 0 2651
0 610 1695 6931
4506 4447 2287 3432
7227 3488 4929 0
2181 1727 4311 4708
6957 4022 1664 1827
4267 2418 7490 3572
385 38 6164 2194
5371 5885 0 3082
4070 6718 2020 2974
1823 3616 3353 4071
7085 2091 737 6961
2653 1883 1347 4021
6639 386 767 1260
6527 7085 3143 3970
5815 1582 2532 2704
4123 4835 2425 2197
2827 665 5902 6797
0 6148 2839 754
1998 599 6889 5337
2070 6678 6257 873
0 1248 6960 3746
4251 6916 925 3665
4906 35 5710 5854
604 7001 6560 4063
6490 6578 5650 5944
4799 3168 1540 728
5909 1702 2558 122
3199 7124 311 1130
5096 7372 1351 5675
5631 3413 2628 5873
941 7415 5629 7281
7089 631 6084 1963
407 6486 5139 0
3298 836 0 926
4527 0 4606 6262
3346 0 0 1936
6358 5364 6509 6477
2855 5958 5462 5859
2680 6744 1247 60
6095 6956 6343 4016
366 0 6652 2659
1977 6093 2601 7466
2036 6717 3075 893
4886 2030 6081 6172
4169 2757 4841 3352
2026 2994 5535 2965
5196 772 0 7036
2261 1109 3604 7087
4810 0 537 4359
7059 788 624 6448
1098 2135 4326 3886
28 2414 1755 0
6454 1189 2173 1888
4596 709 0 880
5541 0 0 327
2605 3492 7275 3434
4867 6796 3407 3685
7157 6987 3493 7354
3201 4941 1078 4655
1883 7282 1599 3003
4895 340 2802 0
3490 155 1585 5916
1842 7424 192 0
5447 801 4752 0
2206 6483 6610 1336
1236 1214 5350 4074
128 1274 2138 6707
6108 1962 3666 5268
4740 0 0 4086
2798 4856 2644 932
924 6866 4460 1108
2771 2503 0 1640
0 995 5098 5242
1072 3700 6152 3326
4281 0 0 5563
0 5889 5307 651
5845 3413 0 2813
2506 2410 0 5930
2251 2654 3303 4938
0 7019 2649 1454
7349 6402 5968 6420
6926 1008 3442 6837
1730 2531 47 1885
6339 1082 1482 7312
6940 4338 330 7455
2287 2208 0 4895
4406 4314 5476 147
0 1874 5001 4419
5842 5149 4640 3589
884 4459 0 393
0 0 3933 1694
0 4051 4794 6748
5794 2331 1562 5672
0 5702 3070 5531
0 3143 6541 2464
1415 2638 6267 0
603 3049 0 1329
805 7347 3938 4274
7485 3586 1695 0
3823 0 1547 6958
888 1834 7140 3348
5906 3588 3477 5679
613 7417 0 2141
0 1798 4131 0
0 3488 7124 4866
5029 0 6467 6218
0 4733 6233 6757
33 4024 4395 2480
30 2429 2318 2034
783 5623 7234 1559
7337 63 4177 1069
4496 5436 1613 3603
2484 0 6296 6265
4593 6858 2214 4503
4511 2757 3094 5452
6901 7155 3874 554
5932 3269 1474 2528
4263 1239 0 1572
1712 0 4780 6910
3712 0 0 5692
2809 2739 86 634
0 208 2975 5736
2803 1197 3776 883
5098 4537 6865 3667
7037 6012 6123 0
6905 3346 1213 4970
0 5995 4819 3385
2206 2709 6830 0
5292 2279 3450 0
804 5334 2227 7255
3070 3323 1506 2958
6055 4592 0 3485
7165 1955 1558 807
6532 6078 451 6062
5044 0 4687 4789
3401 3935 7478 6790
4647 6637 289 1983
6087 0 4255 4055
613 1442 0 2961
1310 4505 6407 7341
0 3024 3816 0
3152 6871 5101 641
677 924 4684 0
359 3540 3059 2808
1581 1024 7122 1452
134 5982 1147 5709
4382 1885 5823 0
321 6306 5365 5022
1836 4818 6982 408
5424 5613 4818 2687
6818 2847 1108 7271
6966 7180 2781 2005
140 5970 5385 3904
7137 134 6934 4012
823 3032 5958 6599
5370 6369 0 788
7011 1102 4733 6046
0 0 6789 6606
4082 3404 6170 3373
2626 4290 0 7424
6892 275 5002 5785
0 3166 3436 2261
191 581 6717 5851
2345 6400 0 688
1066 6195 2902 7145
7180 6339 3806 1114
6741 0 1782 6246
6404 952 4952 2468
0 6643 3343 438
1051 5088 233 0
293 1873 1424 3572
2727 5268 0 3875
3860 6068 4959 398
3361 6334 6203 0
6442 5186 143 2371
6628 6884 1037 3168
3987 0 7433 4662
7011 3344 6982 2198
4596 728 1697 0
2039 4112 5293 0
628 5060 2500 300
3233 3369 6671 802
6176 0 6360 6838
2203 4743 3590 1887
6083 5313 3393 575
3043 5017 769 803
6490 4839 5568 1577
2067 4480 4461 6154
5425 6254 0 3987
0 1500 3840 259
6906 5863 0 5293
3871 6699 6596 1772
5247 6064 0 2889
7213 2020 6465 7485
4799 5981 0 5410
331 2302 1126 7489
4293 0 4704 5021
0 1748 6512 6148
6896 4687 2726 7341
3964 6322 5999 650
1049 1258 5320 2993
3726 7430 2071 2453
2000 0 143 5206
657 3190 4715 2665
5523 7414 6101 6755
0 775 367 3846
7214 6069 2806 7299
0 4864 6342 1884
1668 6687 6209 6883
1318 7258 1009 6102
6177 0 1264 3159
3115 887 1458 1670
5848 4228 7382 6599
4290 6233 6719 0
285 2353 4845 3722
946 6140 2015 6149
5759 3891 6055 1555
6382 1928 375 6012
0 3429 2909 1013
767 1783 2202 5945
116 6000 3052 763
113 2085 2993 6754
5059 7050 1637 4677
65 1805 3886 3383
1152 618 5218 4254
2319 692 3373 6965
0 1106 1935 1522
6445 3353 2323 5028
621 0 4386 1359
3514 3460 2350 4894
552 6964 949 3691
4833 2662 4521 0
3578 836 0 5817
5379 6531 5231 3036
6370 0 5284 2274
763 7030 7457 1333
6547 5464 661 5314
3819 404 6800 4459
5850 4667 5438 6081
4621 1130 7003 2072
4066 2454 0 4043
312 1618 3105 5827
4975 4458 6446 1702
7417 675 5341 977
90 803 6651 0
0 4158 992 0
5775 7041 1726 2219
6557 244 7088 90
3573 4678 7157 3914
1711 4532 5212 1523
1167 1213 2362 6039
5726 5272 6277 2150
5592 0 216 4741
4580 5199 0 3035
1225 4483 3529 3738
2713 3327 4876 2738
6566 5359 3021 4917
2527 6476 114 494
379 5232 0 5078
5206 0 0 144
5851 824 3545 1902
5555 6273 2476 0
6789 4483 3064 3712
777 7100 4107 3070
4623 70 4059 1114
2454 4314 7042 2286
6043 573 4812 490
4471 1382 5631 4929
2766 0 4057 3933
6603 3426 5312 5722
0 7401 4941 0
4161 3961 2501 0
1615 4980 2833 458
6884 3684 4892 603
5388 2932 2801 6658
7181 5519 0 265
7349 6387 5798 6907
4481 7196 5962 7473
300 1900 5797 0
3732 1117 0 6327
6690 583 2196 3210
1021 5501 67 4769
2396 1533 1775 4696
2676 3379 4194 7134
5847 4650 2598 4236
962 1449 2115 6306
2508 1964 360 3680
4147 5303 739 4869
2759 1395 7370 0
0 5300 6525 4586
2955 5471 866 671
3479 0 3177 0
3602 6935 4911 5406
5534 6510 0 1186
6259 963 6635 1641
5771 2021 0 5568
946 5485 6032 4386
1373 2054 2127 5301
1474 146 476 3703
3037 3580 1553 0
0 3820 0 2425
1649 5974 5539 684
997 632 4896 6486
6560 6898 4840 5976
4706 6166 6199 0
5690 6454 4928 0
3917 1272 6849 3256
4104 1483 642 5096
2241 2907 3545 1918
3458 761 5718 0
4993 3375 6572 1708
0 2038 4158 161
471 2244 5651 5898
5712 5629 3219 5290
3407 6240 2477 0
6948 2976 0 4286
5832 1787 6580 1187
5973 1955 0 3201
6794 786 3853 5965
3806 162 7318 1521
1731 2885 0 7012
677 3490 0 3041
3850 6663 4202 6813
1046 5410 5940 276
2676 0 3224 6410
7462 4356 3888 4619
7164 1325 1172 48
2595 1616 4081 6531
1582 519 1697 0
774 3934 3537 4874
174 4151 6330 7301
5811 3261 62 4270
2592 4257 3123 1900
0 2399 3044 1341
2779 4650 991 1220
3317 0 2008 1972
7220 4117 7428 502
0 6152 5016 0
3208 0 7150 4493
6740 1881 1196 0
6334 5113 2182 618
635 3117 2002 0
0 2158 1753 7119
3779 3549 2673 1704
3473 6055 0 4132
5161 6888 1744 140
6298 2011 2488 4607
0 5858 101 6095
6910 4284 5369 1319
182 2161 6558 5888
4499 5618 3550 1492
2420 1524 1561 0
5297 45 3874 1300
1083 5634 3332 6211
4144 2706 1321 3477
7300 0 5150 3022
0 1376 5200 5750
3246 627 3473 2662
3299 1645 769 7265
5517 3207 7226 4178
1343 5565 4691 0
1483 3876 1424 1676
0 1344 0 6477
3832 1419 4169 662
1042 4867 4236 5027
2051 1285 3352 5887
4157 6444 5514 2080
4388 3295 0 254
2066 1906 0 5881
2990 358 6364 4287
3524 2624 2127 0
6252 2007 4872 2613
2632 0 6098 735
3830 3837 796 0
3364 1448 6668 7310
0 6705 6049 4357
4387 4630 6763 4112
1759 5145 3112 0
0 4044 746 5153
2721 2719 6358 6943
1207 453 6368 7286
4106 5277 5580 5399
1253 6611 0 0
4099 5765 4356 3005
4440 7441 6970 6936
0 0 3545 7220
4984 2843 3427 941
2473 6630 5614 5173
1878 2360 1437 0
3316 7349 3506 909
1160 1928 7201 4046
3712 167 128 707
754 5522 2987 1974
486 3662 3639 5289
5561 3253 5169 2898
7450 5441 3924 5066
5995 6433 7358 5762
1781 0 4605 1198
3009 2912 3055 3887
328 4099 2668 1782
3221 6679 1252 3236
6884 1595 3270 5097
878 2246 3883 3348
6677 350 3057 0
0 915 281 0
2212 5075 4583 0
0 1742 1387 3907
5653 5261 6639 3735
107 7385 4506 4798
388 6315 0 3325
467 3172 1742 3336
7199 5323 648 7160
348 646 4598 1511
0 5606 2968 5832
4070 919 995 1022
3510 1727 5828 4062
6600 1188 2992 4558
154 2062 1492 5078
318 680 6867 5686
466 114 707 6227
0 2923 5395 1401
1062 5190 4309 4524























































































































































































































































































































































































































































































































































































